omega=0.5, r_crit=1.4142135641596338
omega=1.0, r_crit=0.9999999969929189
